[?25l[0m [38;5;1m                 [38;5;234m▁[38;5;58;48;5;233m▂[38;5;95m▂[38;5;101m▂▂▂[38;5;95m▂[38;5;58m▂[0m[38;5;235m▂[38;5;232m▂  [0m
 [38;5;1m              [38;5;232m▂[38;5;234m▁[38;5;58;48;5;233m▂[38;5;94;48;5;236m▂[38;5;173;48;5;94m▂[38;5;136;48;5;143m▋[48;5;179m [38;5;173m▁[38;5;136m▂[38;5;137;48;5;136m▋[38;5;130;48;5;94m▅[38;5;94;48;5;234m▋[48;5;233m [0m[38;5;233m▍ [0m
 [38;5;1m          [38;5;233m▂▂▂ [38;5;240;48;5;234m▂[38;5;94;48;5;235m▂[38;5;173;48;5;94m▂[38;5;178;48;5;136m▂[48;5;179m ▁[38;5;136m▂[38;5;94;48;5;137m▁[38;5;58;48;5;94m▂▁[48;5;130m [38;5;235;48;5;94m▝[38;5;137;48;5;234m▂[0m[38;5;238m▂[38;5;233m▂[0m
 [38;5;1m          [7m[38;5;234m▍[0m[38;5;233;48;5;234m┈[38;5;101;48;5;233m▃[38;5;137;48;5;234m▃[38;5;179;48;5;94m▂[48;5;136m▂[38;5;136;48;5;179m▂[38;5;130m▂[38;5;94m▂[48;5;173m▁[38;5;179;48;5;130m▂[38;5;100;48;5;58m▋[38;5;233;48;5;234m▅[38;5;234;48;5;94m▍[38;5;94;48;5;130m▍[38;5;136;48;5;179m▍ [38;5;137;48;5;235m▌[48;5;233m [0m
 [38;5;1m        [38;5;233m▂▂[38;5;235;48;5;233m▂[38;5;234;48;5;239m▉[38;5;94;48;5;137m▂[48;5;179m▂ [38;5;179;48;5;178m▊[38;5;178;48;5;136m▂[38;5;137;48;5;94m▃[38;5;94;48;5;58m▏[38;5;137m▝[38;5;237;48;5;179m▂[38;5;137;48;5;58m▊[38;5;94;48;5;234m▃[38;5;136;48;5;58m▃[38;5;173;48;5;130m▃[38;5;136;48;5;179m▚▂[38;5;101;48;5;234m▌[48;5;233m [0m
 [38;5;1m [38;5;233m▃▃▃▃▃▃▃[38;5;235;48;5;233m▃[38;5;52m▃[38;5;94;48;5;52m▃[38;5;130;48;5;88m▃▃[38;5;94;48;5;130m▊[48;5;173m▂[48;5;179m▂[38;5;130m▂[48;5;173m▂[38;5;94;48;5;58m▃[38;5;58;48;5;52m▃[38;5;234;48;5;233m▘[48;5;94m▌[38;5;179m▃[38;5;136;48;5;179m▘ [38;5;58;48;5;136m▗[38;5;234;48;5;94m▂[38;5;58;48;5;234m▘[0m[7m[38;5;233m▃[0m
[38;5;233m▃[38;5;237m▂[38;5;95;48;5;234m▃[38;5;101m▃[38;5;143m▃▃▃▃[48;5;235m▃[38;5;136;48;5;58m▃[38;5;130;48;5;88m▃[48;5;94m▝[38;5;88;48;5;130m▃  [38;5;130;48;5;88m▃[48;5;94m▃[38;5;94;48;5;130m▂[38;5;52m▂[38;5;234;48;5;94m▂[48;5;239m▂[48;5;233m [48;5;137m▌[38;5;136;48;5;179m▃▖ [38;5;137;48;5;234m▋[48;5;233m [0m[38;5;233m▍ [0m
[7m[38;5;233m▃[0m[38;5;239;48;5;233m▝[38;5;235;48;5;94m▃[38;5;58;48;5;137m▖[38;5;136;48;5;179m▃▖   [38;5;130;48;5;178m▝[38;5;179;48;5;130m▃[48;5;94m▃[38;5;173m▃[48;5;130m  [38;5;94m▃[38;5;88m▃[48;5;88m [48;5;52m [38;5;52;48;5;234m▃[38;5;236;48;5;233m▃ [38;5;94;48;5;234m▝[38;5;235;48;5;94m▃[38;5;58;48;5;136m▃[38;5;136;48;5;179m▃[38;5;137;48;5;234m▋[48;5;233m [0m[38;5;233m▍ [0m
 [38;5;233m▝[7m▃[38;5;237m▖[0m[38;5;234;48;5;94m▃[38;5;235;48;5;137m▃[48;5;179m▃▃[38;5;236m▃[38;5;94m▂[38;5;136m▃[38;5;178m▏ [38;5;179;48;5;136m▄[38;5;173;48;5;130m▄[38;5;94;48;5;52m▎[38;5;52;48;5;94m▊[38;5;137;48;5;52m▄[38;5;173;48;5;94m▄[38;5;130;48;5;52m▄[38;5;94m▖[38;5;233;48;5;234m▌ [48;5;233m [38;5;95;48;5;235m▝[38;5;234;48;5;95m▃[38;5;94;48;5;236m▚[38;5;95;48;5;233m▄[0m[7m[38;5;235m▝[0m[38;5;233m▃[0m
 [38;5;1m  [38;5;233m▝[7m▄▖[0m[38;5;234;48;5;233m▆▆▄[48;5;58m▃[48;5;94m▃[48;5;137m▃[38;5;235;48;5;143m▃[38;5;94;48;5;179m▃[38;5;130m▃[38;5;137;48;5;236m▄[48;5;237m▄[38;5;94;48;5;179m▃[48;5;173m▃[38;5;179;48;5;130m▄[38;5;173;48;5;94m▄[38;5;94;48;5;234m▄▖[48;5;233m [38;5;240;48;5;234m▗[38;5;94m▄[38;5;58;48;5;137m▘[38;5;143;48;5;95m▄[38;5;95;48;5;234m▌[48;5;233m [0m
 [38;5;1m    [7m[38;5;233m▌[0m[38;5;234;48;5;233m▖ ▘[38;5;143;48;5;235m▄[38;5;186m▄[38;5;101;48;5;234m▖[38;5;233;48;5;235m▉[38;5;234;48;5;95m▃[38;5;233;48;5;94m▃[38;5;234;48;5;137m▃[38;5;235m▃[48;5;94m [38;5;94;48;5;137m▋[48;5;179m [38;5;136m▝[38;5;179;48;5;130m▄[38;5;58;48;5;137m▝[38;5;94;48;5;234m▄[38;5;236;48;5;95m▚[38;5;234;48;5;94m▃[38;5;58;48;5;137m▎[48;5;179m [0m[7m[38;5;95m▗[38;5;233m▄[0m
 [38;5;233m▗[38;5;234m▄[38;5;235m▄[38;5;236m▄[7m[38;5;235m▘[0m[38;5;234;48;5;233m▖[38;5;233;48;5;234m▌[48;5;233m [38;5;101;48;5;185m▎[38;5;185;48;5;191m▂[38;5;143;48;5;234m▍[38;5;234;48;5;233m▂[48;5;234m [48;5;233m ▄[38;5;236;48;5;234m▝[38;5;234;48;5;94m▄[38;5;233m▃[48;5;137m▃[48;5;143m▃▃[48;5;137m▃[48;5;94m▃[38;5;95;48;5;234m▘[48;5;233m [38;5;236;48;5;137m▍[38;5;100;48;5;179m▄[0m[7m[38;5;58m▝[0m[38;5;233m▄[0m
 [7m[38;5;233m▋[0m[38;5;1;48;5;234m [38;5;235;48;5;238m▌[38;5;60;48;5;237m▅[38;5;238;48;5;234m▋ [38;5;233m▝[48;5;233m [38;5;235;48;5;144m▄[38;5;236;48;5;186m▄[38;5;235;48;5;244m▝[38;5;67;48;5;234m▅▅▅[38;5;60m▅▅▅[38;5;239m▅[38;5;237m▅[38;5;236m▅[38;5;234;48;5;233m▅[0m[7m[38;5;233m▗▄▄▄[38;5;236m▖[0m[38;5;234;48;5;95m▄[38;5;239;48;5;234m▘ [0m
 [38;5;233m▝[7m▄[38;5;235m▖[0m[38;5;235;48;5;239m▄[38;5;67;48;5;238m▗[48;5;235m▅[38;5;61;48;5;236m▖[38;5;236;48;5;234m▅[38;5;239m▅[38;5;60;48;5;235m▅[48;5;68m▎ [38;5;24m▄▄[48;5;61m▄[38;5;17;48;5;60m▄▄[38;5;234;48;5;239m▄[48;5;237m▄[0m[7m[38;5;235m▗[38;5;233m▄[0m[38;5;233m▘   ▝[7m▄▄▄[0m
 [38;5;1m  [7m[38;5;233m▌[0m[38;5;1;48;5;234m [38;5;66;48;5;235m▝[38;5;234;48;5;67m▄[38;5;60;48;5;236m▘[48;5;237m [38;5;95;48;5;240m▄[48;5;59m▄[48;5;96m▄[48;5;103m▄[38;5;238;48;5;60m▝[38;5;60;48;5;23m▅[38;5;24m▎[38;5;60m▗[38;5;67;48;5;236m▅▅▅[38;5;60;48;5;234m▅[0m[38;5;234m▅[38;5;233m▖       [0m
 [38;5;233m▗▅[38;5;95;48;5;234m▗[48;5;235m▅[38;5;94;48;5;234m▅[38;5;52m▅[38;5;234;48;5;236m▗[48;5;52m▅[38;5;236;48;5;94m▅[38;5;237;48;5;131m▅[38;5;244;48;5;95m▅▅[38;5;234;48;5;239m▗[38;5;236;48;5;243m▊[38;5;253;48;5;237m▆[38;5;254;48;5;239m▆[38;5;255;48;5;104m▅[38;5;253;48;5;110m▅[38;5;60;48;5;68m▅[38;5;67;48;5;240m▘[48;5;234m [0m[38;5;233m▋       [0m
 [7m[38;5;233m▋[0m[38;5;234;48;5;233m▋[38;5;94;48;5;235m▝[38;5;58;48;5;94m▅[38;5;94;48;5;52m▘[38;5;234m▅[38;5;67;48;5;238m▗[48;5;235m▆[38;5;60;48;5;238m▅[38;5;240m▅[38;5;236;48;5;60m▅[38;5;235;48;5;66m▅[38;5;240;48;5;236m▆[38;5;94;48;5;237m▆[48;5;187m▅[38;5;101;48;5;254m▅[38;5;144;48;5;255m▅[38;5;246;48;5;188m▅[38;5;235;48;5;240m▅[38;5;234;48;5;238m▖[38;5;240;48;5;234m▆[38;5;234;48;5;238m▝[0m[38;5;233m▅▖     [0m
 [38;5;1m [7m[38;5;233m▅[38;5;234m▖[0m[38;5;234;48;5;236m▅[48;5;235m [38;5;236;48;5;234m▆[38;5;23;48;5;66m▍[38;5;30;48;5;67m▅[38;5;73m▆[38;5;109;48;5;60m▆[38;5;66;48;5;234m▍[38;5;234;48;5;58m▉[38;5;58;48;5;95m▎[38;5;94;48;5;130m▃▂[48;5;95m▅[38;5;235;48;5;137m▅[38;5;234;48;5;242m▖[38;5;67;48;5;236m▆[48;5;238m▆[48;5;60m [38;5;60;48;5;236m▋[48;5;234m [0m[38;5;233m▌     [0m
 [38;5;1m   [7m[38;5;234m▆▖[0m[38;5;234;48;5;236m▅[48;5;238m▅[38;5;233;48;5;23m▅[38;5;66;48;5;109m▍ [38;5;254;48;5;242m▆[38;5;255;48;5;239m▆[38;5;102;48;5;236m▍[38;5;233;48;5;94m▅[38;5;234m▅[38;5;235;48;5;239m▅[38;5;240;48;5;235m▆[48;5;248m▋[38;5;255;48;5;109m▆[48;5;103m▆[48;5;66m▆[38;5;188;48;5;241m▆[38;5;247;48;5;237m▆[38;5;241;48;5;232m▇[0m[38;5;233m▆▖   [0m
 [38;5;1m    [7m[38;5;233m▇▆▆▆[38;5;237m▖[0m[38;5;234;48;5;244m▅[38;5;246;48;5;253m▆[38;5;248;48;5;254m▆[38;5;109;48;5;238m▇[48;5;233m▇[38;5;254m▇[38;5;253;48;5;235m▇[38;5;116;48;5;60m▆[38;5;73;48;5;109m▚[38;5;234;48;5;251m▅[38;5;233m▅[38;5;234m▅[48;5;145m▅[48;5;244m▅[48;5;241m▆[48;5;233m [0m[38;5;233m▌   [0m
 [38;5;1m      [7m[38;5;233m▍[0m[38;5;233m▆[38;5;239;48;5;235m▆[38;5;95;48;5;58m▆[38;5;58;48;5;137m▆[38;5;237;48;5;244m▆[38;5;235;48;5;108m▆[38;5;236;48;5;109m▆[38;5;247;48;5;253m▆[38;5;109;48;5;152m▆[38;5;65;48;5;73m▆[38;5;29;48;5;72m▆[38;5;240;48;5;236m▆[38;5;238;48;5;234m▇[38;5;233m▍[0m[38;5;233m▋[7m▆▆▆[0m[38;5;1m    [0m
 [38;5;1m       [7m[38;5;233m▆[38;5;235m▍[0m[38;5;233;48;5;94m▆[48;5;58m▆[38;5;234;48;5;237m▉[38;5;95m▆▇[38;5;58;48;5;101m▆[48;5;244m▆[38;5;236;48;5;239m▆▆[38;5;234;48;5;238m▆[0m[38;5;235m▋[7m[38;5;233m▆[38;5;232m▇[0m[38;5;1m       [0m
 [38;5;1m        [7m[38;5;232m▇▆▆[0m[38;5;1m [38;5;233;48;5;235m▎[48;5;239m▆[48;5;236m▆[48;5;52m▆[48;5;235m▆▆[48;5;233m [0m[38;5;233m▋         [0m
[?25h